199,183,184
234,235,232
163,192,210
186,121,146
240,234,188
220,210,208
211,154,151
249,247,245
162,166,162
240,206,202
59,28,29
226,72,61
74,121,126
166,197,208
132,112,83
238,236,236
49,51,56
214,197,131
210,147,155
180,80,69
97,99,107
161,94,118
241,195,150
178,174,177
166,154,151
144,152,149
167,185,180
123,135,149
237,228,229
226,221,222
195,190,189
82,165,215
113,98,98
132,112,83
186,121,146
154,151,156
187,220,231
233,236,240
143,142,145
121,150,232
221,194,128
81,70,81
78,83,89
121,58,65
203,202,203
201,209,183
212,151,49
216,176,179
200,159,68
207,201,201
237,233,224
176,177,157
203,185,121
226,179,166
212,187,183
111,119,141
93,122,167
241,233,223
80,80,80
212,209,211
126,126,157
228,205,214
75,187,65
232,231,226
237,222,215
203,204,214
87,59,54
212,198,187
88,88,102
173,68,48
207,23,30
178,164,161
211,53,53
216,176,179
145,151,150
13,125,229
97,91,90
234,221,213
231,200,179
240,234,160
168,156,156
212,209,214
179,64,71
227,193,159
142,200,147
45,68,53
203,185,136
221,181,178
115,123,160
177,112,112
250,246,245
173,181,189
188,126,105
176,167,160
240,115,228
113,70,64
189,230,116
93,98,129
221,189,186
238,166,98
97,99,107
144,152,149
236,218,180
227,226,227
237,228,229
146,135,122
168,195,113
205,131,123
248,241,240
38,35,41
199,197,203
36,129,202
161,147,138
150,127,110
230,152,114
218,225,226
206,210,178
219,204,75
124,195,118
219,208,206
222,103,102
203,202,203
64,62,108
237,233,224
239,219,15
221,194,128
81,70,81
89,86,77
237,204,174
121,58,65
57,55,80
100,98,101
236,206,176
202,190,182
146,152,157
148,138,139
183,168,169
203,205,200
203,95,81
134,140,144
74,121,126
210,181,156
228,222,199
201,205,142
164,140,113
166,143,113
155,137,110
89,80,74
249,247,245
221,223,203
189,119,120
132,139,139
198,193,189
165,163,162
220,198,152
154,134,141
194,204,157
235,194,207
206,196,185
197,194,186
104,138,151
213,201,175
233,231,220
184,180,186
149,170,164
226,220,221
137,146,116
152,161,163
183,180,177
237,228,225
146,151,121
190,166,155
234,232,231
222,211,168
169,138,136
118,141,173
221,202,162
177,151,159
190,186,176
198,203,194
115,123,160
200,173,138
120,101,111
190,175,172
226,204,175
45,68,53
188,126,105
224,223,229
47,49,46
229,220,210
168,156,156
95,120,143
46,49,55
240,242,239
213,203,205
64,84,153
225,222,219
121,99,82
222,233,233
203,196,192
200,151,126
194,149,169
191,182,169
230,210,213
178,163,139
189,188,186
10,162,253
212,156,149
59,120,168
243,242,240
99,99,95
185,200,198
210,182,170
146,174,188
202,177,142
182,177,142
177,151,159
125,91,58
121,126,131
114,110,93
220,232,212
239,226,218
235,188,195
222,185,177
135,182,222
234,234,234
222,222,220
219,203,200
211,186,181
224,223,229
129,133,121
115,104,96
45,68,53
145,182,186
190,175,172
181,133,136
188,126,105
152,151,125
143,105,110
242,236,227
146,174,188
212,156,149
220,219,230
185,200,198
224,223,221
191,182,169
214,211,204
237,218,178
235,188,195
222,185,177
88,87,85
137,216,223
237,222,187
156,129,121
246,250,251
177,151,159
190,175,172
203,124,108
95,120,143
45,68,53
